2443
3222
532423
13
632
77
32
43

34
3
65

4
62

34
32
q31
42
4
432
7
658
76
987
69
8790
85
6575675676w34625
23
414
354
43
5364
4
2
2
4
6
67
68
78
9
9
7
3r2
2
233
43432
55
436
56
6
7
8
8787
87
987
9
98897
897
76
754
54
43
433
432
23
23
45
45
45
4
65
65
76
787
43
43
43
4
2345
46
5
6456
7
6457

526
245
645
645
67
676
8
7
87
3
7563671464
315
3
43
24
32
343456
43
65
7
67
89
8
98
9
890
8
767673

654

4565
426
452
6
546
45
765
78
67
867
867
87
878763756
67
547
6653
765756
7
567
567
567
5648768768
678
4
987
69
8790
85
6575675676w34625
23
414
354
43
5364
4
2
2
4
6
67
68
78
9
9
7
3r2
2
233
43432
55
436
56
6
7
8
8787
87
987
9
98897
897
76
754
54
43
433
432
23
23
45
45
45
4
65
65
76
787
43
43
43
4
2345
46
5
6456
7
6457

526
245
645
645
67
676
8
7
87
3
7563671464
315
3
43
24
32
343456
43
65
7
67
89
8
98
9
890
8
767673

654

4565
426
452
6
546
45
765
78
67
867
867
87
878763756
67
547
6653
765756
7
567
567
567
5648768768
678
4
987
69
8790
85
6575675676w34625
23
414
354
43
5364
4
2
2
4
6
67
68
78
9
9
7
3r2
2
233
43432
55
436
56
6
7
8
8787
87
987
9
98897
897
76
754
54
43
433
432
23
23
45
45
45
4
65
65
76
787
43
43
43
4
2345
46
5
6456
7
6457

526
245
645
645
67
676
8
7
87
3
7563671464
315
3
43
24
32
343456
43
65
7
67
89
8
98
9
890
8
767673

654

4565
426
452
6
546
45
765
78
67
867
867
87
878763756
67
547
6653
765756
7
567
567
567
5648768768
678
4
987
69
8790
85
6575675676w34625
23
414
354
43
5364
4
2
2
4
6
67
68
78
9
9
7
3r2
2
233
43432
55
436
56
6
7
8
8787
87
987
9
98897
897
76
754
54
43
433
432
23
23
45
45
45
4
65
65
76
787
43
43
43
4
2345
46
5
6456
7
6457

526
245
645
645
67
676
8
7
87
3
7563671464
315
3
43
24
32
343456
43
65
7
67
89
8
98
9
890
8
767673

654

4565
426
452
6
546
45
765
78
67
867
867
87
878763756
67
547
6653
765756
7
567
567
567
5648768768
678
4
987
69
8790
85
6575675676w34625
23
414
354
43
5364
4
2
2
4
6
67
68
78
9
9
7
3r2
2
233
43432
55
436
56
6
7
8
8787
87
987
9
98897
897
76
754
54
43
433
432
23
23
45
45
45
4
65
65
76
787
43
43
43
4
2345
46
5
6456
7
6457

526
245
645
645
67
676
8
7
87
3
7563671464
315
3
43
24
32
343456
43
65
7
67
89
8
98
9
890
8
767673

654

4565
426
452
6
546
45
765
78
67
867
867
87
878763756
67
547
6653
765756
7
567
567
567
5648768768
678
4
987
69
8790
85
6575675676w34625
23
414
354
43
5364
4
2
2
4
6
67
68
78
9
9
7
3r2
2
233
43432
55
436
56
6
7
8
8787
87
987
9
98897
897
76
754
54
43
433
432
23
23
45
45
45
4
65
65
76
787
43
43
43
4
2345
46
5
6456
7
6457

526
245
645
645
67
676
8
7
87
3
7563671464
315
3
43
24
32
343456
43
65
7
67
89
8
98
9
890
8
767673

654

4565
426
452
6
546
45
765
78
67
867
867
87
878763756
67
547
6653
765756
7
567
567
567
5648768768
678
4
987
69
8790
85
6575675676w34625
23
414
354
43
5364
4
2
2
4
6
67
68
78
9
9
7
3r2
2
233
43432
55
436
56
6
7
8
8787
87
987
9
98897
897
76
754
54
43
433
432
23
23
45
45
45
4
65
65
76
787
43
43
43
4
2345
46
5
6456
7
6457

526
245
645
645
67
676
8
7
87
3
7563671464
315
3
43
24
32
343456
43
65
7
67
89
8
98
9
890
8
767673

654

4565
426
452
6
546
45
765
78
67
867
867
87
878763756
67
547
6653
765756
7
567
567
567
5648768768
678
4
987
69
8790
85
6575675676w34625
23
414
354
43
5364
4
2
2
4
6
67
68
78
9
9
7
3r2
2
233
43432
55
436
56
6
7
8
8787
87
987
9
98897
897
76
754
54
43
433
432
23
23
45
45
45
4
65
65
76
787
43
43
43
4
2345
46
5
6456
7
6457

526
245
645
645
67
676
8
7
87
3
7563671464
315
3
43
24
32
343456
43
65
7
67
89
8
98
9
890
8
767673

654

4565
426
452
6
546
45
765
78
67
867
867
87
878763756
67
547
6653
765756
7
567
567
567
5648768768
678
4
987
69
8790
85
6575675676w34625
23
414
354
43
5364
4
2
2
4
6
67
68
78
9
9
7
3r2
2
233
43432
55
436
56
6
7
8
8787
87
987
9
98897
897
76
754
54
43
433
432
23
23
45
45
45
4
65
65
76
787
43
43
43
4
2345
46
5
6456
7
6457

526
245
645
645
67
676
8
7
87
3
7563671464
315
3
43
24
32
343456
43
65
7
67
89
8
98
9
890
8
767673

654

4565
426
452
6
546
45
765
78
67
867
867
87
878763756
67
547
6653
765756
7
567
567
567
5648768768
678
4
987
69
8790
85
6575675676w34625
23
414
354
43
5364
4
2
2
4
6
67
68
78
9
9
7
3r2
2
233
43432
55
436
56
6
7
8
8787
87
987
9
98897
897
76
754
54
43
433
432
23
23
45
45
45
4
65
65
76
787
43
43
43
4
2345
46
5
6456
7
6457

526
245
645
645
67
676
8
7
87
3
7563671464
315
3
43
24
32
343456
43
65
7
67
89
8
98
9
890
8
767673

654

4565
426
452
6
546
45
765
78
67
867
867
87
878763756
67
547
6653
765756
7
567
567
567
5648768768
678
4
987
69
8790
85
6575675676w34625
23
414
354
43
5364
4
2
2
4
6
67
68
78
9
9
7
3r2
2
233
43432
55
436
56
6
7
8
8787
87
987
9
98897
897
76
754
54
43
433
432
23
23
45
45
45
4
65
65
76
787
43
43
43
4
2345
46
5
6456
7
6457

526
245
645
645
67
676
8
7
87
3
7563671464
315
3
43
24
32
343456
43
65
7
67
89
8
98
9
890
8
767673

654

4565
426
452
6
546
45
765
78
67
867
867
87
878763756
67
547
6653
765756
7
567
567
567
5648768768
678
4
987
69
8790
85
6575675676w34625
23
414
354
43
5364
4
2
2
4
6
67
68
78
9
9
7
3r2
2
233
43432
55
436
56
6
7
8
8787
87
987
9
98897
897
76
754
54
43
433
432
23
23
45
45
45
4
65
65
76
787
43
43
43
4
2345
46
5
6456
7
6457

526
245
645
645
67
676
8
7
87
3
7563671464
315
3
43
24
32
343456
43
65
7
67
89
8
98
9
890
8
767673

654

4565
426
452
6
546
45
765
78
67
867
867
87
878763756
67
547
6653
765756
7
567
567
567
5648768768
678
4
987
69
8790
85
6575675676w34625
23
414
354
43
5364
4
2
2
4
6
67
68
78
9
9
7
3r2
2
233
43432
55
436
56
6
7
8
8787
87
987
9
98897
897
76
754
54
43
433
432
23
23
45
45
45
4
65
65
76
787
43
43
43
4
2345
46
5
6456
7
6457

526
245
645
645
67
676
8
7
87
3
7563671464
315
3
43
24
32
343456
43
65
7
67
89
8
98
9
890
8
767673

654

4565
426
452
6
546
45
765
78
67
867
867
87
878763756
67
547
6653
765756
7
567
567
567
5648768768
678
4
987
69
8790
85
6575675676w34625
23
414
354
43
5364
4
2
2
4
6
67
68
78
9
9
7
3r2
2
233
43432
55
436
56
6
7
8
8787
87
987
9
98897
897
76
754
54
43
433
432
23
23
45
45
45
4
65
65
76
787
43
43
43
4
2345
46
5
6456
7
6457

526
245
645
645
67
676
8
7
87
3
7563671464
315
3
43
24
32
343456
43
65
7
67
89
8
98
9
890
8
767673

654

4565
426
452
6
546
45
765
78
67
867
867
87
878763756
67
547
6653
765756
7
567
567
567
5648768768
678
4
987
69
8790
85
6575675676w34625
23
414
354
43
5364
4
2
2
4
6
67
68
78
9
9
7
3r2
2
233
43432
55
436
56
6
7
8
8787
87
987
9
98897
897
76
754
54
43
433
432
23
23
45
45
45
4
65
65
76
787
43
43
43
4
2345
46
5
6456
7
6457

526
245
645
645
67
676
8
7
87
3
7563671464
315
3
43
24
32
343456
43
65
7
67
89
8
98
9
890
8
767673

654

4565
426
452
6
546
45
765
78
67
867
867
87
878763756
67
547
6653
765756
7
567
567
567
5648768768
678
4
ewf
fwe
fcntlerfg
ert
gh
theresyrt
hj
rtyhj
typesger
fgetser
fgetsef
fcntlhy
justtyuj
y7u
j5
gh
grg
sf
dgh
trgh
greg
g
are
5534
55

8
98
9
890
8
767673

654

4565
426
452
6
546
45
765
78
67
867
867
87
878763756
67
547
6653
765756
7
567
567
567
5648768768
678
4
ewf
fwe
fcntlerfg
ert
gh
theresyrt
hj
rtyhj
typesger
fgetser
fgetsef
fcntlhy
justtyuj
y7u
j5
gh
grg
sf
dgh
trgh
greg
g
are
5534
55
8
98
9
890
8
767673

654

4565
426
452
6
546
45
765
78
67
867
867
87
878763756
67
547
6653
765756
7
567
567
567
5648768768
678
4
ewf
fwe
fcntlerfg
ert
gh
theresyrt
hj
rtyhj
typesger
fgetser
fgetsef
fcntlhy
justtyuj
y7u
j5
gh
grg
sf
dgh
trgh
greg
g
are
5534
55
8
98
9
890
8
767673

654

4565
426
452
6
546
45
765
78
67
867
867
87
878763756
67
547
6653
765756
7
567
567
567
5648768768
678
4
ewf
fwe
fcntlerfg
ert
gh
theresyrt
hj
rtyhj
typesger
fgetser
fgetsef
fcntlhy
justtyuj
y7u
j5
gh
grg
sf
dgh
trgh
greg
g
are
5534
55
8
98
9
890
8
767673

654

4565
426
452
6
546
45
765
78
67
867
867
87
878763756
67
547
6653
765756
7
567
567
567
5648768768
678
4
ewf
fwe
fcntlerfg
ert
gh
theresyrt
hj
rtyhj
typesger
fgetser
fgetsef
fcntlhy
justtyuj
y7u
j5
gh
grg
sf
dgh
trgh
greg
g
are
5534
55
8
98
9
890
8
767673

654

4565
426
452
6
546
45
765
78
67
867
867
87
878763756
67
547
6653
765756
7
567
567
567
5648768768
678
4
ewf
fwe
fcntlerfg
ert
gh
theresyrt
hj
rtyhj
typesger
fgetser
fgetsef
fcntlhy
justtyuj
y7u
j5
gh
grg
sf
dgh
trgh
greg
g
are
5534
55
8
98
9
890
8
767673

654

4565
426
452
6
546
45
765
78
67
867
867
87
878763756
67
547
6653
765756
7
567
567
567
5648768768
678
4
ewf
fwe
fcntlerfg
ert
gh
theresyrt
hj
rtyhj
typesger
fgetser
fgetsef
fcntlhy
justtyuj
y7u
j5
gh
grg
sf
dgh
trgh
greg
g
are
5534
55
8
98
9
890
8
767673

654

4565
426
452
6
546
45
765
78
67
867
867
87
878763756
67
547
6653
765756
7
567
567
567
5648768768
678
4
ewf
fwe
fcntlerfg
ert
gh
theresyrt
hj
rtyhj
typesger
fgetser
fgetsef
fcntlhy
justtyuj
y7u
j5
gh
grg
sf
dgh
trgh
greg
g
are
5534
55